0	-0.0004216
0.192	-0.0011247
0.384	-0.0027506
0.576	-0.0060842
0.768	-0.013359
0.96	-0.027533
1.152	-0.05887
1.344	-0.11945
1.536	-0.22665
1.728	-0.40518
1.92	-0.68375
2.112	-1.0926
2.304	-1.662
2.496	-2.4179
2.688	-3.3825
2.88	-4.5737
3.072	-6.0069
3.264	-7.6915
3.456	-9.6319
3.648	-11.819
3.84	-14.234
4.032	-16.85
4.224	-19.635
4.416	-22.558
4.608	-25.582
4.8	-28.664
4.992	-31.756
5.184	-34.799
5.376	-37.729
5.568	-40.486
5.76	-43.008
5.952	-45.238
6.144	-47.119
6.336	-48.593
6.528	-49.608
6.72	-50.125
6.912	-50.114
7.104	-49.562
7.296	-48.461
7.488	-46.814
7.68	-44.635
7.872	-41.954
8.064	-38.819
8.256	-35.289
8.448	-31.432
8.64	-27.321
8.832	-23.034
9.024	-18.654
9.216	-14.274
9.408	-9.9885
9.6	-5.8846
9.792	-2.046
9.984	1.4597
10.176	4.5714
10.368	7.2321
10.56	9.3957
10.752	11.029
10.944	12.116
11.136	12.665
11.328	12.692
11.52	12.223
11.712	11.294
11.904	9.9452
12.096	8.2365
12.288	6.2356
12.48	4.0159
12.672	1.6523
12.864	-0.78728
13.056	-3.2399
13.248	-5.6407
13.44	-7.9268
13.632	-10.039
13.824	-11.926
14.016	-13.555
14.208	-14.906
14.4	-15.965
14.592	-16.721
14.784	-17.168
14.976	-17.311
15.168	-17.169
15.36	-16.771
15.552	-16.147
15.744	-15.329
15.936	-14.343
16.128	-13.222
16.32	-12.001
16.512	-10.721
16.704	-9.4228
16.896	-8.136
17.088	-6.8848
17.28	-5.692
17.472	-4.5811
17.664	-3.5779
17.856	-2.7036
18.048	-1.9663
18.24	-1.3646
18.432	-0.88848
18.624	-0.52714
18.816	-0.26907
19.008	-0.099175
19.2	0.0022237
19.392	0.05774
19.584	0.086112
19.776	0.10128
19.968	0.11075
20.16	0.12387
20.352	0.14711
20.544	0.18734
20.736	0.24393
20.928	0.31106
21.12	0.38149
21.312	0.45308
21.504	0.53095
21.696	0.62222
21.888	0.73022
22.08	0.85033
22.272	0.97529
22.464	1.1007
22.656	1.2294
22.848	1.3665
23.04	1.5129
23.232	1.6614
23.424	1.8018
23.616	1.9283
23.808	2.042
24	2.1472
24.192	2.241
24.384	2.3145
24.576	2.3547
24.768	2.3562
24.96	2.321
25.152	2.2549
25.344	2.1581
25.536	2.0239
25.728	1.8424
25.92	1.6095
26.112	1.3315
26.304	1.0183
26.496	0.67791
26.688	0.30792
26.88	-0.097095
27.072	-0.53808
27.264	-1.0042
27.456	-1.4787
27.648	-1.9473
27.84	-2.4057
28.032	-2.855
28.224	-3.2921
28.416	-3.7052
28.608	-4.0762
28.8	-4.3906
28.992	-4.6429
29.184	-4.8352
29.376	-4.969
29.568	-5.04
29.76	-5.0386
29.952	-4.9563
30.144	-4.794
30.336	-4.5599
30.528	-4.2653
30.72	-3.915
30.912	-3.5083
31.104	-3.0451
31.296	-2.5331
31.488	-1.9875
31.68	-1.4252
31.872	-0.85665
32.064	-0.28628
32.256	0.28129
32.448	0.83672
32.64	1.3647
32.832	1.8505
33.024	2.2857
33.216	2.6681
33.408	2.9981
33.6	3.2726
33.792	3.4842
33.984	3.6258
34.176	3.6966
34.368	3.7024
34.56	3.6521
34.752	3.5507
34.944	3.3986
35.136	3.1962
35.328	2.9492
35.52	2.6695
35.712	2.3699
35.904	2.0587
36.096	1.7388
36.288	1.4127
36.48	1.0863
36.672	0.76981
36.864	0.47346
37.056	0.20242
37.248	-0.042986
37.44	-0.26445
37.632	-0.46048
37.824	-0.62642
38.016	-0.75752
38.208	-0.85382
38.4	-0.9194
38.592	-0.95975
38.784	-0.97685
38.976	-0.9703
39.168	-0.94023
39.36	-0.89059
39.552	-0.82795
39.744	-0.75793
39.936	-0.68225
40.128	-0.6006
40.32	-0.51394
40.512	-0.42685
40.704	-0.34545
40.896	-0.27309
41.088	-0.20822
41.28	-0.14696
41.472	-0.088026
41.664	-0.035039
41.856	0.0059121
42.048	0.032243
42.24	0.046992
42.432	0.056341
42.624	0.063423
42.816	0.06571
43.008	0.057807
43.2	0.037352
43.392	0.008123
43.584	-0.022745
43.776	-0.050211
43.968	-0.075205
44.16	-0.10188
44.352	-0.13299
44.544	-0.1658
44.736	-0.19475
44.928	-0.21579
45.12	-0.23035
45.312	-0.24237
45.504	-0.25447
45.696	-0.26429
45.888	-0.26752
46.08	-0.26129
46.272	-0.24733
46.464	-0.22857
46.656	-0.20636
46.848	-0.17782
47.04	-0.13973
47.232	-0.091232
47.424	-0.036041
47.616	0.021565
47.808	0.079581
48	0.14028
48.192	0.20587
48.384	0.27537
48.576	0.34332
48.768	0.40419
48.96	0.45638
49.152	0.503
49.344	0.54697
49.536	0.58716
49.728	0.61774
49.92	0.63339
50.112	0.63348
50.304	0.62252
50.496	0.60486
50.688	0.58058
50.88	0.54481
51.072	0.4933
51.264	0.42681
51.456	0.3517
51.648	0.27464
51.84	0.19755
52.032	0.11691
52.224	0.02903
52.416	-0.064739
52.608	-0.15756
52.8	-0.24217
52.992	-0.31643
53.184	-0.38368
53.376	-0.44759
53.568	-0.50751
53.76	-0.55768
53.952	-0.5927
54.144	-0.61162
54.336	-0.61876
54.528	-0.61818
54.72	-0.61036
54.912	-0.59113
55.104	-0.55768
55.296	-0.51154
55.488	-0.45917
55.68	-0.40567
55.872	-0.35138
56.064	-0.29189
56.256	-0.22486
56.448	-0.15349
56.64	-0.085977
56.832	-0.028095
57.024	0.020926
57.216	0.067473
57.408	0.116
57.6	0.1644
57.792	0.20474
57.984	0.23067
58.176	0.2431
58.368	0.24935
58.56	0.25664
58.752	0.26517
58.944	0.26881
59.136	0.26099
59.328	0.24207
59.52	0.21884
59.712	0.19912
59.904	0.18444
60.096	0.17012
60.288	0.15059
60.48	0.12563
60.672	0.10073
60.864	0.081691
61.056	0.069443
61.248	0.059475
61.44	0.047307
61.632	0.032744
61.824	0.020542
62.016	0.014777
62.208	0.014912
62.4	0.015546
62.592	0.012244
62.784	0.0055892
62.976	0.00097765
63.168	0.0023545
63.36	0.0081956
63.552	0.012074
63.744	0.0095072
63.936	0.001918
64.128	-0.0041281
64.32	-0.0041347
64.512	0.00038422
64.704	0.0027001
64.896	-0.0018564
65.088	-0.011676
65.28	-0.019798
65.472	-0.020973
65.664	-0.01653
65.856	-0.013272
66.048	-0.016583
66.24	-0.024969
66.432	-0.031272
66.624	-0.029625
66.816	-0.021243
67.008	-0.013209
67.2	-0.011355
67.392	-0.014527
67.584	-0.015649
67.776	-0.0089811
67.968	0.0043467
68.16	0.017233
68.352	0.023658
68.544	0.024231
68.736	0.025302
68.928	0.031989
69.12	0.037499
69.312	0.046305
69.504	0.052032
69.696	0.05213
